   57																																																									
AVSA1    	0.00000	0.07619	0.07922	0.12064	0.11052	0.12075	0.15725	0.17541	0.18186	0.13637	0.14460	0.14396	0.12184	0.11279	0.12366	0.13157	0.13515	0.13259	0.29691	1.32349	1.30129	0.11904	0.11939	0.11368	0.14554	0.15019	0.13886	0.15434	0.17587	0.15403	0.10630	0.10814	0.13594	0.11029	0.10582	0.12541	0.12802	0.12190	0.14105	0.13952	0.13202	0.11801	0.09013	0.13963	0.10589	0.10404	0.11571	0.12835	0.08422	0.12841	0.10074	0.10063	0.16773	0.14178	0.17202	0.16431	0.14084
AVSA2    	0.07619	0.00000	0.06481	0.11283	0.10524	0.10934	0.17209	0.18600	0.19114	0.13145	0.13334	0.14110	0.10573	0.10004	0.11316	0.12529	0.12994	0.12585	0.30420	1.32788	1.30830	0.11658	0.11495	0.11219	0.14976	0.15606	0.14836	0.17087	0.19537	0.17273	0.10345	0.10372	0.13093	0.11346	0.10911	0.15538	0.15426	0.14497	0.13515	0.13810	0.12917	0.11924	0.09793	0.14682	0.09645	0.09820	0.10910	0.15982	0.10614	0.15610	0.11286	0.11645	0.18498	0.15912	0.19162	0.16660	0.14761
AVSA3    	0.07922	0.06481	0.00000	0.11696	0.10909	0.11167	0.15855	0.17258	0.18040	0.13353	0.13963	0.14175	0.11532	0.10522	0.11877	0.12604	0.13106	0.12596	0.29534	1.29888	1.29017	0.11576	0.11512	0.11515	0.14053	0.14203	0.13315	0.15761	0.17856	0.15613	0.10570	0.09829	0.12372	0.10984	0.10909	0.14233	0.14129	0.13100	0.13978	0.14024	0.13048	0.11898	0.09503	0.13614	0.10225	0.10577	0.11110	0.13923	0.10209	0.14673	0.09709	0.10486	0.16832	0.13621	0.16680	0.15320	0.12889
BBSA1    	0.12064	0.11283	0.11696	0.00000	0.05317	0.05202	0.16820	0.18526	0.18629	0.12413	0.13251	0.13237	0.10504	0.09259	0.09402	0.12307	0.12860	0.12411	0.30229	1.34168	1.32751	0.09274	0.09273	0.09022	0.13906	0.14707	0.14247	0.16216	0.18122	0.16575	0.08134	0.06988	0.11985	0.07536	0.07343	0.17978	0.17868	0.17329	0.13152	0.13082	0.12422	0.09244	0.08224	0.12262	0.07562	0.08170	0.10124	0.17831	0.11075	0.17828	0.08257	0.09019	0.17904	0.15892	0.18697	0.15382	0.13213
BBSA2    	0.11052	0.10524	0.10909	0.05317	0.00000	0.05960	0.14666	0.16424	0.16789	0.12100	0.12727	0.12580	0.09506	0.08431	0.09131	0.11472	0.11895	0.11711	0.29934	1.33606	1.32939	0.08763	0.08762	0.08466	0.13411	0.13404	0.13187	0.14629	0.16816	0.15089	0.08299	0.07550	0.11927	0.07214	0.07604	0.17506	0.17463	0.16785	0.12424	0.12416	0.11559	0.08530	0.07825	0.12449	0.07222	0.06918	0.08281	0.17322	0.10418	0.17200	0.09144	0.09057	0.16790	0.14376	0.16821	0.15552	0.13117
BBSA3    	0.12075	0.10934	0.11167	0.05202	0.05960	0.00000	0.16203	0.17768	0.18286	0.11654	0.12381	0.12263	0.09573	0.08349	0.08747	0.11479	0.12013	0.11770	0.29682	1.34485	1.33271	0.09495	0.09467	0.09327	0.13451	0.14017	0.13163	0.16144	0.17845	0.15948	0.08496	0.07566	0.11912	0.08335	0.08125	0.17275	0.17188	0.16513	0.12451	0.12364	0.11463	0.09356	0.08096	0.12309	0.07852	0.07926	0.08962	0.17260	0.10677	0.17041	0.09116	0.09332	0.17033	0.14991	0.17505	0.14958	0.12575
EBSA1    	0.15725	0.17209	0.15855	0.16820	0.14666	0.16203	0.00000	0.03296	0.09333	0.19064	0.19705	0.19399	0.18756	0.17583	0.18881	0.18268	0.18908	0.18353	0.28929	1.32716	1.31873	0.17744	0.17736	0.17333	0.17644	0.16097	0.16186	0.09648	0.11017	0.08127	0.16231	0.15744	0.16615	0.15886	0.15753	0.15746	0.15698	0.15378	0.19381	0.19184	0.17836	0.16900	0.13868	0.17408	0.15949	0.14858	0.16669	0.15603	0.11820	0.15410	0.12225	0.13434	0.12231	0.10225	0.12992	0.18080	0.15634
EBSA2    	0.17541	0.18600	0.17258	0.18526	0.16424	0.17768	0.03296	0.00000	0.10248	0.20239	0.20816	0.20608	0.20248	0.19114	0.20595	0.19982	0.20323	0.19624	0.30372	1.33443	1.32567	0.19578	0.19349	0.19104	0.18903	0.17501	0.16723	0.10449	0.12615	0.09003	0.17156	0.17249	0.17767	0.17403	0.17142	0.17053	0.17199	0.16779	0.20434	0.20126	0.19099	0.19040	0.15125	0.18550	0.17536	0.16766	0.17704	0.16987	0.13179	0.16957	0.13553	0.14414	0.13732	0.10663	0.14218	0.19528	0.17250
EBSA3    	0.18186	0.19114	0.18040	0.18629	0.16789	0.18286	0.09333	0.10248	0.00000	0.20458	0.21308	0.20801	0.20712	0.19212	0.20517	0.20658	0.21114	0.20293	0.29829	1.31557	1.30759	0.19767	0.19362	0.19429	0.18533	0.17637	0.17385	0.11230	0.13482	0.09649	0.17486	0.16902	0.17421	0.17322	0.17597	0.16682	0.16617	0.16442	0.20839	0.20348	0.19343	0.19084	0.14373	0.18859	0.18124	0.16702	0.18471	0.16553	0.13018	0.16686	0.13790	0.14698	0.14306	0.11034	0.14677	0.19134	0.17074
GBSA1    	0.13637	0.13145	0.13353	0.12413	0.12100	0.11654	0.19064	0.20239	0.20458	0.00000	0.00877	0.01831	0.11637	0.10504	0.11427	0.04232	0.04462	0.04623	0.31433	1.32493	1.31536	0.12867	0.12694	0.12618	0.16600	0.16055	0.15543	0.18400	0.20219	0.18125	0.11359	0.11678	0.15260	0.12422	0.11496	0.16857	0.16786	0.16252	0.02403	0.02187	0.02052	0.13239	0.11065	0.15767	0.11757	0.11962	0.13232	0.16091	0.11456	0.16326	0.12719	0.13208	0.19132	0.17293	0.20399	0.17756	0.15080
GBSA2    	0.14460	0.13334	0.13963	0.13251	0.12727	0.12381	0.19705	0.20816	0.21308	0.00877	0.00000	0.01582	0.11893	0.11257	0.12189	0.04937	0.05083	0.05234	0.32016	1.32066	1.31003	0.13638	0.13746	0.13235	0.17075	0.16615	0.15934	0.18912	0.20880	0.18701	0.12020	0.12329	0.15429	0.13244	0.12137	0.17391	0.17477	0.16718	0.02107	0.02303	0.02198	0.14091	0.12243	0.16435	0.12524	0.12604	0.13741	0.16625	0.12155	0.16945	0.13800	0.13888	0.19832	0.17630	0.20834	0.18593	0.15796
GBSA3    	0.14396	0.14110	0.14175	0.13237	0.12580	0.12263	0.19399	0.20608	0.20801	0.01831	0.01582	0.00000	0.12451	0.11232	0.12295	0.04883	0.05121	0.05296	0.30829	1.32422	1.31508	0.13814	0.14016	0.13507	0.17172	0.16865	0.15873	0.18799	0.20717	0.18836	0.12607	0.12307	0.15898	0.12926	0.12313	0.17298	0.17345	0.16703	0.02097	0.01865	0.01855	0.14065	0.12229	0.16722	0.12399	0.12743	0.14313	0.16618	0.11958	0.16763	0.13139	0.13725	0.19779	0.17611	0.20625	0.18324	0.15656
GPSA1    	0.12184	0.10573	0.11532	0.10504	0.09506	0.09573	0.18756	0.20248	0.20712	0.11637	0.11893	0.12451	0.00000	0.01271	0.07878	0.10574	0.10865	0.10562	0.31929	1.33335	1.32048	0.11550	0.11586	0.11407	0.14903	0.15281	0.14265	0.17929	0.20322	0.18565	0.09477	0.09428	0.12776	0.10160	0.10004	0.18644	0.18599	0.17733	0.11876	0.12139	0.11640	0.11509	0.09551	0.13833	0.08940	0.09762	0.09638	0.18268	0.12412	0.18281	0.10984	0.11686	0.19485	0.16650	0.19815	0.16567	0.14807
GPSA2    	0.11279	0.10004	0.10522	0.09259	0.08431	0.08349	0.17583	0.19114	0.19212	0.10504	0.11257	0.11232	0.01271	0.00000	0.06346	0.09410	0.10039	0.09455	0.31351	1.32947	1.31560	0.10000	0.10197	0.10115	0.13864	0.14193	0.13069	0.16877	0.19078	0.17077	0.08171	0.08264	0.12114	0.08964	0.08924	0.17241	0.17179	0.16501	0.11301	0.11142	0.10579	0.10483	0.08492	0.12695	0.08024	0.08332	0.08985	0.17153	0.11299	0.16928	0.09934	0.11052	0.18327	0.15688	0.18772	0.15209	0.13774
GPSA3    	0.12366	0.11316	0.11877	0.09402	0.09131	0.08747	0.18881	0.20595	0.20517	0.11427	0.12189	0.12295	0.07878	0.06346	0.00000	0.10505	0.10883	0.10862	0.32151	1.33649	1.32557	0.09545	0.09571	0.09324	0.14811	0.15276	0.14380	0.18138	0.20444	0.18084	0.08635	0.08713	0.13196	0.09472	0.08726	0.18385	0.18363	0.17756	0.12270	0.12179	0.11518	0.10249	0.09237	0.13537	0.08448	0.08282	0.09759	0.18195	0.12003	0.17865	0.10409	0.10857	0.19409	0.17099	0.19859	0.15875	0.14505
HBSA1    	0.13157	0.12529	0.12604	0.12307	0.11472	0.11479	0.18268	0.19982	0.20658	0.04232	0.04937	0.04883	0.10574	0.09410	0.10505	0.00000	0.00283	0.00806	0.31935	1.34257	1.32866	0.12542	0.12847	0.12657	0.16539	0.16092	0.15500	0.18120	0.20181	0.17917	0.11231	0.11269	0.14466	0.11921	0.11352	0.17338	0.17183	0.16640	0.04981	0.04713	0.04399	0.12884	0.10583	0.14800	0.10681	0.10553	0.12522	0.16772	0.11778	0.16754	0.12286	0.13111	0.19260	0.17026	0.19942	0.17620	0.14893
HBSA2    	0.13515	0.12994	0.13106	0.12860	0.11895	0.12013	0.18908	0.20323	0.21114	0.04462	0.05083	0.05121	0.10865	0.10039	0.10883	0.00283	0.00000	0.01079	0.31975	1.33795	1.32988	0.13203	0.13227	0.13008	0.16882	0.16136	0.15736	0.18532	0.20636	0.18521	0.11573	0.11629	0.14883	0.12546	0.11930	0.17647	0.17685	0.16973	0.05173	0.04725	0.04669	0.13424	0.10949	0.15307	0.11236	0.11308	0.12907	0.17294	0.12446	0.17377	0.12683	0.13075	0.19840	0.17488	0.20593	0.17974	0.15177
HBSA3    	0.13259	0.12585	0.12596	0.12411	0.11711	0.11770	0.18353	0.19624	0.20293	0.04623	0.05234	0.05296	0.10562	0.09455	0.10862	0.00806	0.01079	0.00000	0.32117	1.34477	1.33321	0.12476	0.12736	0.12531	0.16526	0.15839	0.15250	0.17971	0.19868	0.17867	0.11230	0.11114	0.14251	0.11833	0.11171	0.16978	0.16904	0.16367	0.05216	0.05024	0.04602	0.12876	0.10087	0.14671	0.10610	0.10528	0.12408	0.16713	0.11687	0.16673	0.12159	0.12891	0.18899	0.16715	0.19512	0.17246	0.14518
HKSA1    	0.29691	0.30420	0.29534	0.30229	0.29934	0.29682	0.28929	0.30372	0.29829	0.31433	0.32016	0.30829	0.31929	0.31351	0.32151	0.31935	0.31975	0.32117	0.00000	0.28688	0.27785	0.31587	0.31559	0.31846	0.31607	0.32127	0.31103	0.25902	0.23531	0.26538	0.30284	0.30067	0.31946	0.30354	0.30680	0.31350	0.30978	0.30951	0.31835	0.31493	0.31031	0.31467	0.30127	0.32908	0.30809	0.30769	0.31234	0.30852	0.28459	0.31171	0.27188	0.28567	0.28941	0.28259	0.28796	0.32400	0.30231
HKSA2    	1.32349	1.32788	1.29888	1.34168	1.33606	1.34485	1.32716	1.33443	1.31557	1.32493	1.32066	1.32422	1.33335	1.32947	1.33649	1.34257	1.33795	1.34477	0.28688	0.00000	0.06533	1.31835	1.32251	1.32727	1.32752	1.32384	1.32842	1.30133	1.29245	1.29281	1.35087	1.32774	1.34124	1.34642	1.34350	1.34537	1.33731	1.35200	1.32886	1.33402	1.33225	1.32303	1.37116	1.34597	1.34568	1.34108	1.33192	1.34960	1.40293	1.34928	1.29469	1.33297	1.31486	1.31385	1.33865	1.32806	1.31988
HKSA3    	1.30129	1.30830	1.29017	1.32751	1.32939	1.33271	1.31873	1.32567	1.30759	1.31536	1.31003	1.31508	1.32048	1.31560	1.32557	1.32866	1.32988	1.33321	0.27785	0.06533	0.00000	1.31265	1.31533	1.32136	1.30494	1.31879	1.31326	1.28564	1.28325	1.28406	1.33471	1.32445	1.33690	1.33978	1.32536	1.32281	1.31588	1.32718	1.31756	1.32116	1.31662	1.31994	1.34666	1.33962	1.34413	1.33206	1.31644	1.33188	1.38697	1.33521	1.25981	1.29546	1.29190	1.30063	1.32676	1.32079	1.30603
KBSA1    	0.11904	0.11658	0.11576	0.09274	0.08763	0.09495	0.17744	0.19578	0.19767	0.12867	0.13638	0.13814	0.11550	0.10000	0.09545	0.12542	0.13203	0.12476	0.31587	1.31835	1.31265	0.00000	0.00180	0.00315	0.15132	0.14810	0.14213	0.17223	0.18880	0.17406	0.08970	0.08747	0.13930	0.08441	0.08534	0.19085	0.18907	0.18029	0.13842	0.13599	0.12840	0.04698	0.09057	0.13408	0.08512	0.08421	0.10034	0.18236	0.11654	0.17946	0.10958	0.10737	0.18797	0.16564	0.19569	0.16192	0.14062
KBSA2    	0.11939	0.11495	0.11512	0.09273	0.08762	0.09467	0.17736	0.19349	0.19362	0.12694	0.13746	0.14016	0.11586	0.10197	0.09571	0.12847	0.13227	0.12736	0.31559	1.32251	1.31533	0.00180	0.00000	0.00309	0.14923	0.14674	0.14088	0.17197	0.18762	0.17380	0.09035	0.08765	0.13879	0.08519	0.08554	0.18933	0.18738	0.17999	0.13913	0.13659	0.12834	0.04777	0.08816	0.13327	0.08467	0.08588	0.10132	0.18174	0.11574	0.17967	0.11145	0.10856	0.18705	0.16380	0.19390	0.15882	0.13922
KBSA3    	0.11368	0.11219	0.11515	0.09022	0.08466	0.09327	0.17333	0.19104	0.19429	0.12618	0.13235	0.13507	0.11407	0.10115	0.09324	0.12657	0.13008	0.12531	0.31846	1.32727	1.32136	0.00315	0.00309	0.00000	0.14755	0.14417	0.13691	0.17056	0.18514	0.17031	0.09032	0.08639	0.13656	0.08369	0.08400	0.18314	0.18506	0.17885	0.13528	0.13195	0.12678	0.04673	0.09226	0.13034	0.08378	0.08503	0.09966	0.17880	0.11465	0.17702	0.10608	0.09591	0.18437	0.16173	0.18996	0.15803	0.13710
LBSA1    	0.14554	0.14976	0.14053	0.13906	0.13411	0.13451	0.17644	0.18903	0.18533	0.16600	0.17075	0.17172	0.14903	0.13864	0.14811	0.16539	0.16882	0.16526	0.31607	1.32752	1.30494	0.15132	0.14923	0.14755	0.00000	0.11605	0.11213	0.15963	0.18219	0.16447	0.12266	0.11309	0.13397	0.13361	0.12503	0.18622	0.18338	0.17580	0.17002	0.16940	0.15820	0.14201	0.11132	0.14728	0.13464	0.12583	0.13756	0.17135	0.12131	0.17130	0.10072	0.10684	0.17066	0.14826	0.17791	0.13867	0.11703
LBSA2    	0.15019	0.15606	0.14203	0.14707	0.13404	0.14017	0.16097	0.17501	0.17637	0.16055	0.16615	0.16865	0.15281	0.14193	0.15276	0.16092	0.16136	0.15839	0.32127	1.32384	1.31879	0.14810	0.14674	0.14417	0.11605	0.00000	0.10142	0.16192	0.17730	0.15464	0.12381	0.11810	0.13537	0.12958	0.12331	0.17530	0.17622	0.17117	0.16952	0.16457	0.16028	0.14284	0.10975	0.14656	0.13921	0.12937	0.13902	0.17345	0.12505	0.17453	0.08924	0.10069	0.16414	0.14008	0.17608	0.13991	0.11865
LBSA3    	0.13886	0.14836	0.13315	0.14247	0.13187	0.13163	0.16186	0.16723	0.17385	0.15543	0.15934	0.15873	0.14265	0.13069	0.14380	0.15500	0.15736	0.15250	0.31103	1.32842	1.31326	0.14213	0.14088	0.13691	0.11213	0.10142	0.00000	0.15281	0.16971	0.15524	0.11928	0.11806	0.13336	0.13082	0.12492	0.16698	0.16865	0.16325	0.15989	0.15757	0.14958	0.14107	0.09943	0.13456	0.13369	0.12745	0.13613	0.15940	0.11591	0.16050	0.08474	0.09654	0.15185	0.12968	0.16040	0.13327	0.11859
LPSA1    	0.15434	0.17087	0.15761	0.16216	0.14629	0.16144	0.09648	0.10449	0.11230	0.18400	0.18912	0.18799	0.17929	0.16877	0.18138	0.18120	0.18532	0.17971	0.25902	1.30133	1.28564	0.17223	0.17197	0.17056	0.15963	0.16192	0.15281	0.00000	0.05898	0.06446	0.15332	0.14478	0.15420	0.15380	0.14378	0.15430	0.15388	0.14986	0.18750	0.18541	0.17752	0.16371	0.13478	0.16570	0.15400	0.14561	0.15286	0.15106	0.11731	0.15071	0.11629	0.12940	0.12138	0.10092	0.13556	0.16679	0.14738
LPSA2    	0.17587	0.19537	0.17856	0.18122	0.16816	0.17845	0.11017	0.12615	0.13482	0.20219	0.20880	0.20717	0.20322	0.19078	0.20444	0.20181	0.20636	0.19868	0.23531	1.29245	1.28325	0.18880	0.18762	0.18514	0.18219	0.17730	0.16971	0.05898	0.00000	0.07496	0.17299	0.16490	0.16969	0.16953	0.16933	0.17519	0.17316	0.16987	0.20839	0.20313	0.19413	0.18225	0.14994	0.19258	0.17718	0.16338	0.17690	0.16608	0.13006	0.16452	0.13564	0.14590	0.13860	0.12046	0.14988	0.18455	0.16113
LPSA3    	0.15403	0.17273	0.15613	0.16575	0.15089	0.15948	0.08127	0.09003	0.09649	0.18125	0.18701	0.18836	0.18565	0.17077	0.18084	0.17917	0.18521	0.17867	0.26538	1.29281	1.28406	0.17406	0.17380	0.17031	0.16447	0.15464	0.15524	0.06446	0.07496	0.00000	0.14868	0.14364	0.15405	0.15106	0.14727	0.14323	0.14302	0.13955	0.18660	0.18219	0.17152	0.16716	0.13402	0.16803	0.15650	0.14152	0.15984	0.14501	0.11097	0.14093	0.12199	0.13142	0.11624	0.09278	0.12278	0.17051	0.14665
M2SA1    	0.10630	0.10345	0.10570	0.08134	0.08299	0.08496	0.16231	0.17156	0.17486	0.11359	0.12020	0.12607	0.09477	0.08171	0.08635	0.11231	0.11573	0.11230	0.30284	1.35087	1.33471	0.08970	0.09035	0.09032	0.12266	0.12381	0.11928	0.15332	0.17299	0.14868	0.00000	0.04331	0.10531	0.07034	0.06138	0.16587	0.16305	0.16035	0.12404	0.12272	0.11844	0.09385	0.07383	0.10420	0.07518	0.07068	0.08817	0.16049	0.09798	0.15804	0.09291	0.09766	0.15728	0.13562	0.16956	0.14487	0.12163
M2SA2    	0.10814	0.10372	0.09829	0.06988	0.07550	0.07566	0.15744	0.17249	0.16902	0.11678	0.12329	0.12307	0.09428	0.08264	0.08713	0.11269	0.11629	0.11114	0.30067	1.32774	1.32445	0.08747	0.08765	0.08639	0.11309	0.11810	0.11806	0.14478	0.16490	0.14364	0.04331	0.00000	0.09447	0.05944	0.05495	0.16093	0.15907	0.14858	0.12160	0.12114	0.11378	0.08789	0.07355	0.11144	0.07238	0.07134	0.08353	0.14921	0.09620	0.15407	0.07917	0.08337	0.15649	0.13577	0.16850	0.13266	0.11852
M2SA3    	0.13594	0.13093	0.12372	0.11985	0.11927	0.11912	0.16615	0.17767	0.17421	0.15260	0.15429	0.15898	0.12776	0.12114	0.13196	0.14466	0.14883	0.14251	0.31946	1.34124	1.33690	0.13930	0.13879	0.13656	0.13397	0.13537	0.13336	0.15420	0.16969	0.15405	0.10531	0.09447	0.00000	0.10819	0.10090	0.17285	0.17040	0.16686	0.15610	0.15849	0.15068	0.13277	0.10928	0.13574	0.11752	0.11589	0.12821	0.16417	0.11589	0.16459	0.10291	0.11078	0.16016	0.13424	0.16575	0.14172	0.12681
MBSA1    	0.11029	0.11346	0.10984	0.07536	0.07214	0.08335	0.15886	0.17403	0.17322	0.12422	0.13244	0.12926	0.10160	0.08964	0.09472	0.11921	0.12546	0.11833	0.30354	1.34642	1.33978	0.08441	0.08519	0.08369	0.13361	0.12958	0.13082	0.15380	0.16953	0.15106	0.07034	0.05944	0.10819	0.00000	0.04141	0.17303	0.17130	0.16618	0.12873	0.12772	0.11859	0.08903	0.07851	0.11219	0.07059	0.07810	0.09370	0.16419	0.07908	0.16272	0.08455	0.09206	0.16923	0.14419	0.17443	0.14785	0.13275
MBSA2    	0.10582	0.10911	0.10909	0.07343	0.07604	0.08125	0.15753	0.17142	0.17597	0.11496	0.12137	0.12313	0.10004	0.08924	0.08726	0.11352	0.11930	0.11171	0.30680	1.34350	1.32536	0.08534	0.08554	0.08400	0.12503	0.12331	0.12492	0.14378	0.16933	0.14727	0.06138	0.05495	0.10090	0.04141	0.00000	0.16570	0.16551	0.15809	0.12178	0.12299	0.11346	0.08837	0.07265	0.10588	0.06732	0.07157	0.08887	0.16135	0.09081	0.15946	0.07837	0.07898	0.16018	0.14072	0.16987	0.14567	0.12459
PBSA1    	0.12541	0.15538	0.14233	0.17978	0.17506	0.17275	0.15746	0.17053	0.16682	0.16857	0.17391	0.17298	0.18644	0.17241	0.18385	0.17338	0.17647	0.16978	0.31350	1.34537	1.32281	0.19085	0.18933	0.18314	0.18622	0.17530	0.16698	0.15430	0.17519	0.14323	0.16587	0.16093	0.17285	0.17303	0.16570	0.00000	0.00235	0.00377	0.17255	0.16994	0.16655	0.19102	0.15053	0.19268	0.17075	0.15216	0.17877	0.06193	0.05624	0.07123	0.12972	0.14022	0.16269	0.14139	0.17420	0.19496	0.17410
PBSA2    	0.12802	0.15426	0.14129	0.17868	0.17463	0.17188	0.15698	0.17199	0.16617	0.16786	0.17477	0.17345	0.18599	0.17179	0.18363	0.17183	0.17685	0.16904	0.30978	1.33731	1.31588	0.18907	0.18738	0.18506	0.18338	0.17622	0.16865	0.15388	0.17316	0.14302	0.16305	0.15907	0.17040	0.17130	0.16551	0.00235	0.00000	0.00295	0.17284	0.17058	0.16254	0.18703	0.14836	0.19251	0.16794	0.15091	0.17752	0.05958	0.05472	0.06918	0.13179	0.14964	0.16179	0.14098	0.17131	0.19537	0.17349
PBSA3    	0.12190	0.14497	0.13100	0.17329	0.16785	0.16513	0.15378	0.16779	0.16442	0.16252	0.16718	0.16703	0.17733	0.16501	0.17756	0.16640	0.16973	0.16367	0.30951	1.35200	1.32718	0.18029	0.17999	0.17885	0.17580	0.17117	0.16325	0.14986	0.16987	0.13955	0.16035	0.14858	0.16686	0.16618	0.15809	0.00377	0.00295	0.00000	0.16617	0.16460	0.16109	0.18243	0.14854	0.18807	0.16303	0.14660	0.17049	0.05468	0.05321	0.06820	0.13137	0.14631	0.15738	0.13918	0.16981	0.18736	0.16555
SBSA1    	0.14105	0.13515	0.13978	0.13152	0.12424	0.12451	0.19381	0.20434	0.20839	0.02403	0.02107	0.02097	0.11876	0.11301	0.12270	0.04981	0.05173	0.05216	0.31835	1.32886	1.31756	0.13842	0.13913	0.13528	0.17002	0.16952	0.15989	0.18750	0.20839	0.18660	0.12404	0.12160	0.15610	0.12873	0.12178	0.17255	0.17284	0.16617	0.00000	0.00281	0.00323	0.14497	0.12106	0.16853	0.12188	0.12953	0.14102	0.16512	0.11965	0.16853	0.13734	0.14165	0.19692	0.17415	0.20749	0.18668	0.15824
SBSA2    	0.13952	0.13810	0.14024	0.13082	0.12416	0.12364	0.19184	0.20126	0.20348	0.02187	0.02303	0.01865	0.12139	0.11142	0.12179	0.04713	0.04725	0.05024	0.31493	1.33402	1.32116	0.13599	0.13659	0.13195	0.16940	0.16457	0.15757	0.18541	0.20313	0.18219	0.12272	0.12114	0.15849	0.12772	0.12299	0.16994	0.17058	0.16460	0.00281	0.00000	0.00212	0.14228	0.11748	0.16624	0.12097	0.12760	0.13903	0.16403	0.11618	0.16529	0.13560	0.13865	0.19334	0.17180	0.20343	0.18274	0.15536
SBSA3    	0.13202	0.12917	0.13048	0.12422	0.11559	0.11463	0.17836	0.19099	0.19343	0.02052	0.02198	0.01855	0.11640	0.10579	0.11518	0.04399	0.04669	0.04602	0.31031	1.33225	1.31662	0.12840	0.12834	0.12678	0.15820	0.16028	0.14958	0.17752	0.19413	0.17152	0.11844	0.11378	0.15068	0.11859	0.11346	0.16655	0.16254	0.16109	0.00323	0.00212	0.00000	0.13211	0.11601	0.15969	0.11241	0.12183	0.13160	0.15781	0.10991	0.15920	0.12607	0.13080	0.18244	0.16337	0.19300	0.17409	0.14573
SSSA1    	0.11801	0.11924	0.11898	0.09244	0.08530	0.09356	0.16900	0.19040	0.19084	0.13239	0.14091	0.14065	0.11509	0.10483	0.10249	0.12884	0.13424	0.12876	0.31467	1.32303	1.31994	0.04698	0.04777	0.04673	0.14201	0.14284	0.14107	0.16371	0.18225	0.16716	0.09385	0.08789	0.13277	0.08903	0.08837	0.19102	0.18703	0.18243	0.14497	0.14228	0.13211	0.00000	0.09062	0.13547	0.07728	0.08070	0.09679	0.18002	0.11870	0.18090	0.10062	0.10297	0.17897	0.16206	0.19013	0.15641	0.13663
SSSA2    	0.09013	0.09793	0.09503	0.08224	0.07825	0.08096	0.13868	0.15125	0.14373	0.11065	0.12243	0.12229	0.09551	0.08492	0.09237	0.10583	0.10949	0.10087	0.30127	1.37116	1.34666	0.09057	0.08816	0.09226	0.11132	0.10975	0.09943	0.13478	0.14994	0.13402	0.07383	0.07355	0.10928	0.07851	0.07265	0.15053	0.14836	0.14854	0.12106	0.11748	0.11601	0.09062	0.00000	0.06700	0.08195	0.07532	0.08828	0.14775	0.09035	0.14748	0.06572	0.07509	0.13679	0.11816	0.13991	0.12469	0.10738
SSSA3    	0.13963	0.14682	0.13614	0.12262	0.12449	0.12309	0.17408	0.18550	0.18859	0.15767	0.16435	0.16722	0.13833	0.12695	0.13537	0.14800	0.15307	0.14671	0.32908	1.34597	1.33962	0.13408	0.13327	0.13034	0.14728	0.14656	0.13456	0.16570	0.19258	0.16803	0.10420	0.11144	0.13574	0.11219	0.10588	0.19268	0.19251	0.18807	0.16853	0.16624	0.15969	0.13547	0.06700	0.00000	0.11682	0.11192	0.12759	0.18697	0.12807	0.18673	0.09268	0.10148	0.17932	0.14592	0.17880	0.17487	0.15007
TBSA1    	0.10589	0.09645	0.10225	0.07562	0.07222	0.07852	0.15949	0.17536	0.18124	0.11757	0.12524	0.12399	0.08940	0.08024	0.08448	0.10681	0.11236	0.10610	0.30809	1.34568	1.34413	0.08512	0.08467	0.08378	0.13464	0.13921	0.13369	0.15400	0.17718	0.15650	0.07518	0.07238	0.11752	0.07059	0.06732	0.17075	0.16794	0.16303	0.12188	0.12097	0.11241	0.07728	0.08195	0.11682	0.00000	0.06128	0.07549	0.16788	0.10513	0.16655	0.09513	0.09609	0.17058	0.14788	0.17601	0.15682	0.13013
TBSA2    	0.10404	0.09820	0.10577	0.08170	0.06918	0.07926	0.14858	0.16766	0.16702	0.11962	0.12604	0.12743	0.09762	0.08332	0.08282	0.10553	0.11308	0.10528	0.30769	1.34108	1.33206	0.08421	0.08588	0.08503	0.12583	0.12937	0.12745	0.14561	0.16338	0.14152	0.07068	0.07134	0.11589	0.07810	0.07157	0.15216	0.15091	0.14660	0.12953	0.12760	0.12183	0.08070	0.07532	0.11192	0.06128	0.00000	0.07455	0.15639	0.09750	0.15269	0.08652	0.09741	0.15679	0.13480	0.16168	0.14221	0.12030
TBSA3    	0.11571	0.10910	0.11110	0.10124	0.08281	0.08962	0.16669	0.17704	0.18471	0.13232	0.13741	0.14313	0.09638	0.08985	0.09759	0.12522	0.12907	0.12408	0.31234	1.33192	1.31644	0.10034	0.10132	0.09966	0.13756	0.13902	0.13613	0.15286	0.17690	0.15984	0.08817	0.08353	0.12821	0.09370	0.08887	0.17877	0.17752	0.17049	0.14102	0.13903	0.13160	0.09679	0.08828	0.12759	0.07549	0.07455	0.00000	0.17093	0.11072	0.16934	0.10532	0.10816	0.17156	0.15002	0.17991	0.15703	0.13334
WSSA1    	0.12835	0.15982	0.13923	0.17831	0.17322	0.17260	0.15603	0.16987	0.16553	0.16091	0.16625	0.16618	0.18268	0.17153	0.18195	0.16772	0.17294	0.16713	0.30852	1.34960	1.33188	0.18236	0.18174	0.17880	0.17135	0.17345	0.15940	0.15106	0.16608	0.14501	0.16049	0.14921	0.16417	0.16419	0.16135	0.06193	0.05958	0.05468	0.16512	0.16403	0.15781	0.18002	0.14775	0.18697	0.16788	0.15639	0.17093	0.00000	0.01087	0.01357	0.13204	0.14812	0.16067	0.13942	0.17177	0.18546	0.16284
WSSA2    	0.08422	0.10614	0.10209	0.11075	0.10418	0.10677	0.11820	0.13179	0.13018	0.11456	0.12155	0.11958	0.12412	0.11299	0.12003	0.11778	0.12446	0.11687	0.28459	1.40293	1.38697	0.11654	0.11574	0.11465	0.12131	0.12505	0.11591	0.11731	0.13006	0.11097	0.09798	0.09620	0.11589	0.07908	0.09081	0.05624	0.05472	0.05321	0.11965	0.11618	0.10991	0.11870	0.09035	0.12807	0.10513	0.09750	0.11072	0.01087	0.00000	0.00446	0.08000	0.09131	0.12579	0.10677	0.13271	0.13663	0.11828
WSSA3    	0.12841	0.15610	0.14673	0.17828	0.17200	0.17041	0.15410	0.16957	0.16686	0.16326	0.16945	0.16763	0.18281	0.16928	0.17865	0.16754	0.17377	0.16673	0.31171	1.34928	1.33521	0.17946	0.17967	0.17702	0.17130	0.17453	0.16050	0.15071	0.16452	0.14093	0.15804	0.15407	0.16459	0.16272	0.15946	0.07123	0.06918	0.06820	0.16853	0.16529	0.15920	0.18090	0.14748	0.18673	0.16655	0.15269	0.16934	0.01357	0.00446	0.00000	0.12642	0.14357	0.16438	0.14023	0.17235	0.18747	0.16326
YZSA2    	0.10074	0.11286	0.09709	0.08257	0.09144	0.09116	0.12225	0.13553	0.13790	0.12719	0.13800	0.13139	0.10984	0.09934	0.10409	0.12286	0.12683	0.12159	0.27188	1.29469	1.25981	0.10958	0.11145	0.10608	0.10072	0.08924	0.08474	0.11629	0.13564	0.12199	0.09291	0.07917	0.10291	0.08455	0.07837	0.12972	0.13179	0.13137	0.13734	0.13560	0.12607	0.10062	0.06572	0.09268	0.09513	0.08652	0.10532	0.13204	0.08000	0.12642	0.00000	0.03752	0.12679	0.10625	0.13163	0.11284	0.10796
YZSA3    	0.10063	0.11645	0.10486	0.09019	0.09057	0.09332	0.13434	0.14414	0.14698	0.13208	0.13888	0.13725	0.11686	0.11052	0.10857	0.13111	0.13075	0.12891	0.28567	1.33297	1.29546	0.10737	0.10856	0.09591	0.10684	0.10069	0.09654	0.12940	0.14590	0.13142	0.09766	0.08337	0.11078	0.09206	0.07898	0.14022	0.14964	0.14631	0.14165	0.13865	0.13080	0.10297	0.07509	0.10148	0.09609	0.09741	0.10816	0.14812	0.09131	0.14357	0.03752	0.00000	0.13353	0.11191	0.14003	0.12573	0.11252
DWSA1    	0.16773	0.18498	0.16832	0.17904	0.16790	0.17033	0.12231	0.13732	0.14306	0.19132	0.19832	0.19779	0.19485	0.18327	0.19409	0.19260	0.19840	0.18899	0.28941	1.31486	1.29190	0.18797	0.18705	0.18437	0.17066	0.16414	0.15185	0.12138	0.13860	0.11624	0.15728	0.15649	0.16016	0.16923	0.16018	0.16269	0.16179	0.15738	0.19692	0.19334	0.18244	0.17897	0.13679	0.17932	0.17058	0.15679	0.17156	0.16067	0.12579	0.16438	0.12679	0.13353	0.00000	0.09199	0.13203	0.18057	0.15440
DWSA2    	0.14178	0.15912	0.13621	0.15892	0.14376	0.14991	0.10225	0.10663	0.11034	0.17293	0.17630	0.17611	0.16650	0.15688	0.17099	0.17026	0.17488	0.16715	0.28259	1.31385	1.30063	0.16564	0.16380	0.16173	0.14826	0.14008	0.12968	0.10092	0.12046	0.09278	0.13562	0.13577	0.13424	0.14419	0.14072	0.14139	0.14098	0.13918	0.17415	0.17180	0.16337	0.16206	0.11816	0.14592	0.14788	0.13480	0.15002	0.13942	0.10677	0.14023	0.10625	0.11191	0.09199	0.00000	0.03676	0.16057	0.13060
DWSA4    	0.17202	0.19162	0.16680	0.18697	0.16821	0.17505	0.12992	0.14218	0.14677	0.20399	0.20834	0.20625	0.19815	0.18772	0.19859	0.19942	0.20593	0.19512	0.28796	1.33865	1.32676	0.19569	0.19390	0.18996	0.17791	0.17608	0.16040	0.13556	0.14988	0.12278	0.16956	0.16850	0.16575	0.17443	0.16987	0.17420	0.17131	0.16981	0.20749	0.20343	0.19300	0.19013	0.13991	0.17880	0.17601	0.16168	0.17991	0.17177	0.13271	0.17235	0.13163	0.14003	0.13203	0.03676	0.00000	0.19300	0.15707
PNSA1    	0.16431	0.16660	0.15320	0.15382	0.15552	0.14958	0.18080	0.19528	0.19134	0.17756	0.18593	0.18324	0.16567	0.15209	0.15875	0.17620	0.17974	0.17246	0.32400	1.32806	1.32079	0.16192	0.15882	0.15803	0.13867	0.13991	0.13327	0.16679	0.18455	0.17051	0.14487	0.13266	0.14172	0.14785	0.14567	0.19496	0.19537	0.18736	0.18668	0.18274	0.17409	0.15641	0.12469	0.17487	0.15682	0.14221	0.15703	0.18546	0.13663	0.18747	0.11284	0.12573	0.18057	0.16057	0.19300	0.00000	0.09594
PNSA4    	0.14084	0.14761	0.12889	0.13213	0.13117	0.12575	0.15634	0.17250	0.17074	0.15080	0.15796	0.15656	0.14807	0.13774	0.14505	0.14893	0.15177	0.14518	0.30231	1.31988	1.30603	0.14062	0.13922	0.13710	0.11703	0.11865	0.11859	0.14738	0.16113	0.14665	0.12163	0.11852	0.12681	0.13275	0.12459	0.17410	0.17349	0.16555	0.15824	0.15536	0.14573	0.13663	0.10738	0.15007	0.13013	0.12030	0.13334	0.16284	0.11828	0.16326	0.10796	0.11252	0.15440	0.13060	0.15707	0.09594	0.00000
